100
1993046663
974971969
2002754870
1089966899
1764174419
515220245
179226875
1132733390
498968402
1328538641
787531221
238371651
83939862
1940827103
1801456578
2130344580
1537838979
1562977218
1077730088
634826105
1582438221
1849586425
285286627
1844182653
1069667282
1628641032
1911842336
1562940721
191008696
228642486
398866084
36571711
1203614455
254137306
1126538611
820305226
769357552
1305765486
1953038616
1268325954
486820480
593086189
1506697605
570760342
386429645
1160670536
553621274
1924268624
576164106
1631351362
411611081
11118679
1333454139
696897709
1855301333
255637774
178055093
1619660021
1818578495
369063789
1848302507
69960931
405635501
904433314
324098238
1532174112
1724738541
1093455790
690455950
1530293509
214298096
1177276430
2123379699
1720995701
1748036772
362325696
734182589
154174399
139110672
1310346695
1785525761
550721754
1321465375
971496253
1247619463
1029283060
1227134027
1425674556
501459433
898228874
1794738345
202278293
968189806
52890198
1106711607
1292288044
1585064310
683966500
238260186
128036613
