Unsorted sequence:
1710509438
715881144
58623066
1190999092
1780670902
1522519296
1134923135
1740728038
65258646
964864034
678448769
2040559500
1382742016
1261435074
325116535
1823731276
779489718
151659692
823995192
632809814
308543567
700293951
152945975
829815282
792625477
537030729
217620526
1167459632
708811073
965337978
158537618
271836864
1681219122
217160684
1462835956
1314406377
1739679980
450275444
907650767
1804938626
1415139478
1586099537
1698014478
650397846
700050963
2023131013
326645474
1479540682
27307057
1150640666
2112350496
335850625
1850934618
117812824
1165665907
496076447
654843553
1383286434
1663536079
1363654627
201140764
1822073697
1635491491
1882359886
2039234382
950843799
1049282615
1631430714
1401119243
1956933383
1288885693
668775074
1395549272
839416523
1319172920
2095600235
715063889
1645818395
1427657269
742370946
648975413
1392524118
1078221571
352426383
1510336942
96403831
848502830
17696847
1479690265
364555262
1381351474
1680831029
39145311
869359317
1415707267
2078379693
1820203117
317506235
1562326760
1073838712
126955970
703728805
1742613786
1522505242
1543145328
914303059
1470621829
110725569
412637806
750795451
853096516
1061613219
2143319569
1931318087
1414039603
1506172863
2027721918
115058785
1523869710
1359928535
479614047
757737537
893275916
518759359
1627096854
161499536
449655404
1299816323
479005771
2011982164
226171388
605961741
568227321
1968785174
2128466983
2111372650
735604585
1451605164
74614571
1148242391
54916967
927711087
62371963
50752888
711545527
1476411566
1556925751
591783797
1591470351
933311814
1951712333
2071084399
1691049351
697504601
442360110
1170662557
859004137
892015514
322995233
1338009908
756514031
549166621
1943971649
1324741352
370468147
1924954984
1288630354
1106072733
1229076501
1363244926
106831476
1283993468
143472365
169203439
1334746357
855017892
1645615005
744188460
1446801690
1089601709
1677500274
1251030375
1013202460
1221065977
1948534976
1455562570
244244887
660055466
200094436
567240120
1998065374
956608467
1116406741
1794553376
133866172
1486874888
1572024712
1422496526
445463973
653617565
638257804
552295450
1937611034
781730170
721498889
1124873743
1636748062
219630247
1869062203
936066104
1309231956
1399078830
39612831
174950768
472661159
1988147808
1630513338
716906046
500719626
1830607774
1284146166
351301352
639732594
253069259
2145854728
773598766
1739944148
1570395793
48611644
37924473
76529710
686869449
590219923
2014140744
1468599619
1311718813
991530839
957864033
1531349060
713109395
1893930138
693097368
2112188225
1933542969
868048136
437365736
1774207129
351077826
1154271783
127443107
34201952
290934301
478744460
673934546
544003561
477115540
1447533312
136464061
2047511333
1496144957
174388534
2124041044
35530758
764608458
1990698140
1504130377
2076327271
834745332
314510762
1460192683
1547854727
60957252
5806403
1512559304
1994500222
873854539
1949925040
1621223703
1224932365
956713175
1748666811
1259134317
1247647477
79927623
1933068864
1791651038
557043163
1233118528
1928115099
457070849
581779837
2102503633
433628245
617310595
719628443
276842737
2121440972
648472066
1111588069
288468087
2108664749
511959148
349425339
2114471152
2024518452
196441913
840842043
1826959845
1817665617
2065774408
636189372
1418848780
1177425078
1883836849
1498776403
963010294
1528004239
2055819566
48645174
1308635690
365406767
630425012
1263655676
799035012
1247735607
1983284119
1075877750
1221692932
484272538
39982171
1510161019
445453639
551941320
1859586358
412441144
428976124
2056028272
1253283187
108452321
1726210241
1171573948
744641694
997575373
201515378
480994895
348868128
1164525672
2008999135
257204046
1213170846
1170151177
622610814
1843595858
286323205
1421645826
943847818
122123677
350039928
18057102
606396215
390022100
1528218121
1051849854
941963420
1240320831
1464290998
1370939544
1148865455
570090538
1479391866
727592048
1741664486
76549912
1725167421
1943179864
557544807
2074035549
960221888
419060294
183755948
25909086
1589211472
806366762
1869504945
1875534677
80528940
665869115
1997658354
430568869
683926217
456570921
820590969
64660690
1508420776
1762554389
1304981521
825228126
986010285
306363329
1395318664
317918503
1033955377
989499502
394468415
611639151
785195718
952013223
538191052
1745417606
1371073517
721947000
1771326693
812801341
1528313762
1493347990
540852371
1608842703
11733457
391027077
2039411572
695659674
847597999
712518893
760320364
208535127
327589634
2065301885
1033763253
1313599919
224181566
281598270
1631518423
1258136944
1271097772
2025986838
1869776095
2056293491
830516413
260483499
1654227449
54106283
982430500
1278070494
866907624
363260614
623934836
1407759995
1972103317
635668293
1798787073
1864031241
1331327967
498901424
429066486
2091648331
707436551
756656120
2009466569
1741199804
2070256040
86164487
2022798074
1554290815
1344301431
1146412199
1432794005
1066593878
1055222042
115826771
1327077378
561965843
169933054
162024230
1840036338
1036840678
525284844
316487526
297117026
349904514
952155820
2095904099
66452107
136000139
447321875
495518594
80164823
1154758426
1252174714
2089631392
748474582
1174947106
28312231
623789009
581754273
1372613663
1770201208
2014548279
291723893
677939602
2130375050
1618801271
1239905445
152824456
1780825501
932458135
1189665134
158626698
1248945662
1486782160
508531212
53617834
1435202611
574983319
189617973
1882524486
1070501913
269782796
889799264
175192980
211930540
1638273847
1350140086
240242772
114579208
1931894360
1612856435
1884780416
1798958991
1904580328
415236370
1781850393
1375897952
1655141815
1934674849
1009239805
440116303
976856335
1167866503
1689061965
316154848
1676397715
1742679799
1751357459
103897387
1932297772
1486398298
1174399300
54596921
228713914
1349592280
266527461
1866987761
552248719
506770233
1981566969
336659431
2119626668
1718863737
2135618422
1876723349
2134100107
1769985167
1105137653
1641758275
1557176368
2114377458
2081874578
386549055
1134760314
1623452895
702703903
663674381
1218649046
306577715
767571768
1003463170
1792976013
1941971069
1058060091
2021689927
1144079701
1324587553
1741194041
1696328420
1831357786
1575277362
2032987851
1803500807
1146657452
2021122625
1532740508
1133273911
1643624144
490394513
627548538
1053316864
457288323
561939468
1439865920
1592048637
37908715
2142569823
108239371
1256557761
301663890
875811139
112537284
2094639903
670298560
1170597375
1968846183
1814378262
347701280
1562556576
1363223034
31575419
990350290
1248727238
1835076226
2137007742
1122366215
1220333086
1122798006
618506712
1710727599
1750346544
1671823576
20532274
164802365
964205848
1612580912
202711080
959292024
1720820283
1459268842
1260955914
449147774
1571806126
1208112170
1119446335
594919853
1029474705
786340949
942621134
444547633
2080335
974196553
1434897923
1250807573
661789131
1424422018
225690141
1882122217
399736376
844196853
1445366168
2599272
368536781
1465898442
167401637
1332742630
930995706
370112718
144551006
504332341
1829381560
1405506920
953480116
1253704038
466135442
2072926451
1848623891
1495610147
711783752
643761377
1940157780
713864087
1617957930
1227572056
1964671661
132263413
504510426
42878154
2014385630
904246802
887075007
1312268150
906846074
1255611788
630682945
1074247712
440870770
1561678651
1444360430
585421776
2066010993
1126258342
1990928697
872007461
232478732
309580491
797450264
2081102623
1805190639
1509234016
577380353
1597864771
75614455
47854635
677953179
2040286116
180118049
1182463605
2083164270
47020031
2086710407
822755629
1359288182
846072834
2078367418
1989971127
1920320546
371754540
1404166130
1217197328
957176317
1322693475
195972022
800621366
47217288
428450754
1110201857
844667552
362069729
767908848
206417920
939450082
218289972
282032376
987304718
896243151
174834844
1167422767
2078706757
110515467
1214442798
2017933516
933271096
426247332
716522702
864154866
268734811
489359600
1235909407
1672900942
1706556928
45602076
848110769
1902528950
846223442
895328058
183496056
1956425299
1739995610
545565786
576850500
1946413531
1485015868
795140472
80962259
324836938
1691383623
255797103
1492259705
1622606732
366312570
559218856
1493056601
1299583667
985466188
62095655
16254885
1254201000
551455256
1252164292
779618294
110528536
1297766368
1627729063
2013057487
2143989810
375573473
49069895
1952931462
2115569084
594635681
382298314
1914498967
2079651550
1177438786
1995461226
257004840
721338761
103774681
1749264546
196461846
470087252
160999754
1689518447
1769670919
1146465942
1751614102
1785925804
253183294
155585710
890606449
1032801588
266114247
40889169
513047004
131688086
37395332
888620477
180757981
1990326794
856705913
775393663
225141460
623721232
707561565
1402580246
471698810
964566405
2123919007
575473492
566347303
172897205
1045560744
727347057
1862415652
667748015
1873813000
1466546107
306190171
2126996294
1622131817
1196796620
1012314235
1888246064
1237685790
1525361239
2019934150
1275081122
266498068
53208484
1117924268
1123203982
828602147
1343065728
1746925214
1536163712
598162326
71140377
353246469
574597685
646613869
919593773
747494891
1692174613
1646940830
462426895
212438980
1373270182
1928973002
518629151
1352782829
1403621172
1715425772
217613416
1144383588
805627914
1742974655
1016834091
2080709036
2009472723
1070042575
1051149656
985193057
1898644722
246731736
584634624
1287324786
844894062
655775001
1640571255
1419491747
1302388870
412681380
19502990
847079835
2059622211
481929886
1059518815
1285408745
263419240
1578147966
490707926
1667040412
1146090090
708321342
663940353
1951718004
303812349
1680774444
1884943392
165801425
603333371
788609400
1150994482
354494445
1035341136
1735629106
1641819231
1880235198
243920459
1134906838
1152243298
1546309329
1547588219
1171746288
245905516
1459726782
1653676174
1305424331
597651879
1917095415
736088650
1088359806
1436652179
1882178740
1796681148
2100592532
1686413097
2100493498
1633883328
1423872841
118811275
89733051
64998594
1269805757
444227496
1100339730
857951216
2086046727
833091281
1101871675
1073469918
1985334579
500697357
473574489
1009597219
746602873
1933301271
515789746
2052027205
383469502
285401513
640632207
1471829308
1722053692
375327299
1121026809
1675162577
2061740396
1074036659
1161562257
1338129590
1192847934
1251295309
1403128184
315170043
1695522805
355984266
1173121259
1634085885
1189075547
127509287
560072155
1026926478
628206644
1033646644
2036523698
1374809517
819464267
404829796
1279353074
1202933769
690231309
1919985281
527279430

Sorted sequence:
2080335
2599272
5806403
11733457
16254885
17696847
18057102
19502990
20532274
25909086
27307057
28312231
31575419
34201952
35530758
37395332
37908715
37924473
39145311
39612831
39982171
40889169
42878154
45602076
47020031
47217288
47854635
48611644
48645174
49069895
50752888
53208484
53617834
54106283
54596921
54916967
58623066
60957252
62095655
62371963
64660690
64998594
65258646
66452107
71140377
74614571
75614455
76529710
76549912
79927623
80164823
80528940
80962259
86164487
89733051
96403831
103774681
103897387
106831476
108239371
108452321
110515467
110528536
110725569
112537284
114579208
115058785
115826771
117812824
118811275
122123677
126955970
127443107
127509287
131688086
132263413
133866172
136000139
136464061
143472365
144551006
151659692
152824456
152945975
155585710
158537618
158626698
160999754
161499536
162024230
164802365
165801425
167401637
169203439
169933054
172897205
174388534
174834844
174950768
175192980
180118049
180757981
183496056
183755948
189617973
195972022
196441913
196461846
200094436
201140764
201515378
202711080
206417920
208535127
211930540
212438980
217160684
217613416
217620526
218289972
219630247
224181566
225141460
225690141
226171388
228713914
232478732
240242772
243920459
244244887
245905516
246731736
253069259
253183294
255797103
257004840
257204046
260483499
263419240
266114247
266498068
266527461
268734811
269782796
271836864
276842737
281598270
282032376
285401513
286323205
288468087
290934301
291723893
297117026
301663890
303812349
306190171
306363329
306577715
308543567
309580491
314510762
315170043
316154848
316487526
317506235
317918503
322995233
324836938
325116535
326645474
327589634
335850625
336659431
347701280
348868128
349425339
349904514
350039928
351077826
351301352
352426383
353246469
354494445
355984266
362069729
363260614
364555262
365406767
366312570
368536781
370112718
370468147
371754540
375327299
375573473
382298314
383469502
386549055
390022100
391027077
394468415
399736376
404829796
412441144
412637806
412681380
415236370
419060294
426247332
428450754
428976124
429066486
430568869
433628245
437365736
440116303
440870770
442360110
444227496
444547633
445453639
445463973
447321875
449147774
449655404
450275444
456570921
457070849
457288323
462426895
466135442
470087252
471698810
472661159
473574489
477115540
478744460
479005771
479614047
480994895
481929886
484272538
489359600
490394513
490707926
495518594
496076447
498901424
500697357
500719626
504332341
504510426
506770233
508531212
511959148
513047004
515789746
518629151
518759359
525284844
527279430
537030729
538191052
540852371
544003561
545565786
549166621
551455256
551941320
552248719
552295450
557043163
557544807
559218856
560072155
561939468
561965843
566347303
567240120
568227321
570090538
574597685
574983319
575473492
576850500
577380353
581754273
581779837
584634624
585421776
590219923
591783797
594635681
594919853
597651879
598162326
603333371
605961741
606396215
611639151
617310595
618506712
622610814
623721232
623789009
623934836
627548538
628206644
630425012
630682945
632809814
635668293
636189372
638257804
639732594
640632207
643761377
646613869
648472066
648975413
650397846
653617565
654843553
655775001
660055466
661789131
663674381
663940353
665869115
667748015
668775074
670298560
673934546
677939602
677953179
678448769
683926217
686869449
690231309
693097368
695659674
697504601
700050963
700293951
702703903
703728805
707436551
707561565
708321342
708811073
711545527
711783752
712518893
713109395
713864087
715063889
715881144
716522702
716906046
719628443
721338761
721498889
721947000
727347057
727592048
735604585
736088650
742370946
744188460
744641694
746602873
747494891
748474582
750795451
756514031
756656120
757737537
760320364
764608458
767571768
767908848
773598766
775393663
779489718
779618294
781730170
785195718
786340949
788609400
792625477
795140472
797450264
799035012
800621366
805627914
806366762
812801341
819464267
820590969
822755629
823995192
825228126
828602147
829815282
830516413
833091281
834745332
839416523
840842043
844196853
844667552
844894062
846072834
846223442
847079835
847597999
848110769
848502830
853096516
855017892
856705913
857951216
859004137
864154866
866907624
868048136
869359317
872007461
873854539
875811139
887075007
888620477
889799264
890606449
892015514
893275916
895328058
896243151
904246802
906846074
907650767
914303059
919593773
927711087
930995706
932458135
933271096
933311814
936066104
939450082
941963420
942621134
943847818
950843799
952013223
952155820
953480116
956608467
956713175
957176317
957864033
959292024
960221888
963010294
964205848
964566405
964864034
965337978
974196553
976856335
982430500
985193057
985466188
986010285
987304718
989499502
990350290
991530839
997575373
1003463170
1009239805
1009597219
1012314235
1013202460
1016834091
1026926478
1029474705
1032801588
1033646644
1033763253
1033955377
1035341136
1036840678
1045560744
1049282615
1051149656
1051849854
1053316864
1055222042
1058060091
1059518815
1061613219
1066593878
1070042575
1070501913
1073469918
1073838712
1074036659
1074247712
1075877750
1078221571
1088359806
1089601709
1100339730
1101871675
1105137653
1106072733
1110201857
1111588069
1116406741
1117924268
1119446335
1121026809
1122366215
1122798006
1123203982
1124873743
1126258342
1133273911
1134760314
1134906838
1134923135
1144079701
1144383588
1146090090
1146412199
1146465942
1146657452
1148242391
1148865455
1150640666
1150994482
1152243298
1154271783
1154758426
1161562257
1164525672
1165665907
1167422767
1167459632
1167866503
1170151177
1170597375
1170662557
1171573948
1171746288
1173121259
1174399300
1174947106
1177425078
1177438786
1182463605
1189075547
1189665134
1190999092
1192847934
1196796620
1202933769
1208112170
1213170846
1214442798
1217197328
1218649046
1220333086
1221065977
1221692932
1224932365
1227572056
1229076501
1233118528
1235909407
1237685790
1239905445
1240320831
1247647477
1247735607
1248727238
1248945662
1250807573
1251030375
1251295309
1252164292
1252174714
1253283187
1253704038
1254201000
1255611788
1256557761
1258136944
1259134317
1260955914
1261435074
1263655676
1269805757
1271097772
1275081122
1278070494
1279353074
1283993468
1284146166
1285408745
1287324786
1288630354
1288885693
1297766368
1299583667
1299816323
1302388870
1304981521
1305424331
1308635690
1309231956
1311718813
1312268150
1313599919
1314406377
1319172920
1322693475
1324587553
1324741352
1327077378
1331327967
1332742630
1334746357
1338009908
1338129590
1343065728
1344301431
1349592280
1350140086
1352782829
1359288182
1359928535
1363223034
1363244926
1363654627
1370939544
1371073517
1372613663
1373270182
1374809517
1375897952
1381351474
1382742016
1383286434
1392524118
1395318664
1395549272
1399078830
1401119243
1402580246
1403128184
1403621172
1404166130
1405506920
1407759995
1414039603
1415139478
1415707267
1418848780
1419491747
1421645826
1422496526
1423872841
1424422018
1427657269
1432794005
1434897923
1435202611
1436652179
1439865920
1444360430
1445366168
1446801690
1447533312
1451605164
1455562570
1459268842
1459726782
1460192683
1462835956
1464290998
1465898442
1466546107
1468599619
1470621829
1471829308
1476411566
1479391866
1479540682
1479690265
1485015868
1486398298
1486782160
1486874888
1492259705
1493056601
1493347990
1495610147
1496144957
1498776403
1504130377
1506172863
1508420776
1509234016
1510161019
1510336942
1512559304
1522505242
1522519296
1523869710
1525361239
1528004239
1528218121
1528313762
1531349060
1532740508
1536163712
1543145328
1546309329
1547588219
1547854727
1554290815
1556925751
1557176368
1561678651
1562326760
1562556576
1570395793
1571806126
1572024712
1575277362
1578147966
1586099537
1589211472
1591470351
1592048637
1597864771
1608842703
1612580912
1612856435
1617957930
1618801271
1621223703
1622131817
1622606732
1623452895
1627096854
1627729063
1630513338
1631430714
1631518423
1633883328
1634085885
1635491491
1636748062
1638273847
1640571255
1641758275
1641819231
1643624144
1645615005
1645818395
1646940830
1653676174
1654227449
1655141815
1663536079
1667040412
1671823576
1672900942
1675162577
1676397715
1677500274
1680774444
1680831029
1681219122
1686413097
1689061965
1689518447
1691049351
1691383623
1692174613
1695522805
1696328420
1698014478
1706556928
1710509438
1710727599
1715425772
1718863737
1720820283
1722053692
1725167421
1726210241
1735629106
1739679980
1739944148
1739995610
1740728038
1741194041
1741199804
1741664486
1742613786
1742679799
1742974655
1745417606
1746925214
1748666811
1749264546
1750346544
1751357459
1751614102
1762554389
1769670919
1769985167
1770201208
1771326693
1774207129
1780670902
1780825501
1781850393
1785925804
1791651038
1792976013
1794553376
1796681148
1798787073
1798958991
1803500807
1804938626
1805190639
1814378262
1817665617
1820203117
1822073697
1823731276
1826959845
1829381560
1830607774
1831357786
1835076226
1840036338
1843595858
1848623891
1850934618
1859586358
1862415652
1864031241
1866987761
1869062203
1869504945
1869776095
1873813000
1875534677
1876723349
1880235198
1882122217
1882178740
1882359886
1882524486
1883836849
1884780416
1884943392
1888246064
1893930138
1898644722
1902528950
1904580328
1914498967
1917095415
1919985281
1920320546
1924954984
1928115099
1928973002
1931318087
1931894360
1932297772
1933068864
1933301271
1933542969
1934674849
1937611034
1940157780
1941971069
1943179864
1943971649
1946413531
1948534976
1949925040
1951712333
1951718004
1952931462
1956425299
1956933383
1964671661
1968785174
1968846183
1972103317
1981566969
1983284119
1985334579
1988147808
1989971127
1990326794
1990698140
1990928697
1994500222
1995461226
1997658354
1998065374
2008999135
2009466569
2009472723
2011982164
2013057487
2014140744
2014385630
2014548279
2017933516
2019934150
2021122625
2021689927
2022798074
2023131013
2024518452
2025986838
2027721918
2032987851
2036523698
2039234382
2039411572
2040286116
2040559500
2047511333
2052027205
2055819566
2056028272
2056293491
2059622211
2061740396
2065301885
2065774408
2066010993
2070256040
2071084399
2072926451
2074035549
2076327271
2078367418
2078379693
2078706757
2079651550
2080709036
2081102623
2081874578
2083164270
2086046727
2086710407
2089631392
2091648331
2094639903
2095600235
2095904099
2100493498
2100592532
2102503633
2108664749
2111372650
2112188225
2112350496
2114377458
2114471152
2115569084
2119626668
2121440972
2123919007
2124041044
2126996294
2128466983
2130375050
2134100107
2135618422
2137007742
2142569823
2143319569
2143989810
2145854728

Running time: 180 ms
# Comparisons: 10487004
