1000
1710509438
715881144
58623066
1190999092
1780670902
1522519296
1134923135
1740728038
65258646
964864034
678448769
2040559500
1382742016
1261435074
325116535
1823731276
779489718
151659692
823995192
632809814
308543567
700293951
152945975
829815282
792625477
537030729
217620526
1167459632
708811073
965337978
158537618
271836864
1681219122
217160684
1462835956
1314406377
1739679980
450275444
907650767
1804938626
1415139478
1586099537
1698014478
650397846
700050963
2023131013
326645474
1479540682
27307057
1150640666
2112350496
335850625
1850934618
117812824
1165665907
496076447
654843553
1383286434
1663536079
1363654627
201140764
1822073697
1635491491
1882359886
2039234382
950843799
1049282615
1631430714
1401119243
1956933383
1288885693
668775074
1395549272
839416523
1319172920
2095600235
715063889
1645818395
1427657269
742370946
648975413
1392524118
1078221571
352426383
1510336942
96403831
848502830
17696847
1479690265
364555262
1381351474
1680831029
39145311
869359317
1415707267
2078379693
1820203117
317506235
1562326760
1073838712
126955970
703728805
1742613786
1522505242
1543145328
914303059
1470621829
110725569
412637806
750795451
853096516
1061613219
2143319569
1931318087
1414039603
1506172863
2027721918
115058785
1523869710
1359928535
479614047
757737537
893275916
518759359
1627096854
161499536
449655404
1299816323
479005771
2011982164
226171388
605961741
568227321
1968785174
2128466983
2111372650
735604585
1451605164
74614571
1148242391
54916967
927711087
62371963
50752888
711545527
1476411566
1556925751
591783797
1591470351
933311814
1951712333
2071084399
1691049351
697504601
442360110
1170662557
859004137
892015514
322995233
1338009908
756514031
549166621
1943971649
1324741352
370468147
1924954984
1288630354
1106072733
1229076501
1363244926
106831476
1283993468
143472365
169203439
1334746357
855017892
1645615005
744188460
1446801690
1089601709
1677500274
1251030375
1013202460
1221065977
1948534976
1455562570
244244887
660055466
200094436
567240120
1998065374
956608467
1116406741
1794553376
133866172
1486874888
1572024712
1422496526
445463973
653617565
638257804
552295450
1937611034
781730170
721498889
1124873743
1636748062
219630247
1869062203
936066104
1309231956
1399078830
39612831
174950768
472661159
1988147808
1630513338
716906046
500719626
1830607774
1284146166
351301352
639732594
253069259
2145854728
773598766
1739944148
1570395793
48611644
37924473
76529710
686869449
590219923
2014140744
1468599619
1311718813
991530839
957864033
1531349060
713109395
1893930138
693097368
2112188225
1933542969
868048136
437365736
1774207129
351077826
1154271783
127443107
34201952
290934301
478744460
673934546
544003561
477115540
1447533312
136464061
2047511333
1496144957
174388534
2124041044
35530758
764608458
1990698140
1504130377
2076327271
834745332
314510762
1460192683
1547854727
60957252
5806403
1512559304
1994500222
873854539
1949925040
1621223703
1224932365
956713175
1748666811
1259134317
1247647477
79927623
1933068864
1791651038
557043163
1233118528
1928115099
457070849
581779837
2102503633
433628245
617310595
719628443
276842737
2121440972
648472066
1111588069
288468087
2108664749
511959148
349425339
2114471152
2024518452
196441913
840842043
1826959845
1817665617
2065774408
636189372
1418848780
1177425078
1883836849
1498776403
963010294
1528004239
2055819566
48645174
1308635690
365406767
630425012
1263655676
799035012
1247735607
1983284119
1075877750
1221692932
484272538
39982171
1510161019
445453639
551941320
1859586358
412441144
428976124
2056028272
1253283187
108452321
1726210241
1171573948
744641694
997575373
201515378
480994895
348868128
1164525672
2008999135
257204046
1213170846
1170151177
622610814
1843595858
286323205
1421645826
943847818
122123677
350039928
18057102
606396215
390022100
1528218121
1051849854
941963420
1240320831
1464290998
1370939544
1148865455
570090538
1479391866
727592048
1741664486
76549912
1725167421
1943179864
557544807
2074035549
960221888
419060294
183755948
25909086
1589211472
806366762
1869504945
1875534677
80528940
665869115
1997658354
430568869
683926217
456570921
820590969
64660690
1508420776
1762554389
1304981521
825228126
986010285
306363329
1395318664
317918503
1033955377
989499502
394468415
611639151
785195718
952013223
538191052
1745417606
1371073517
721947000
1771326693
812801341
1528313762
1493347990
540852371
1608842703
11733457
391027077
2039411572
695659674
847597999
712518893
760320364
208535127
327589634
2065301885
1033763253
1313599919
224181566
281598270
1631518423
1258136944
1271097772
2025986838
1869776095
2056293491
830516413
260483499
1654227449
54106283
982430500
1278070494
866907624
363260614
623934836
1407759995
1972103317
635668293
1798787073
1864031241
1331327967
498901424
429066486
2091648331
707436551
756656120
2009466569
1741199804
2070256040
86164487
2022798074
1554290815
1344301431
1146412199
1432794005
1066593878
1055222042
115826771
1327077378
561965843
169933054
162024230
1840036338
1036840678
525284844
316487526
297117026
349904514
952155820
2095904099
66452107
136000139
447321875
495518594
80164823
1154758426
1252174714
2089631392
748474582
1174947106
28312231
623789009
581754273
1372613663
1770201208
2014548279
291723893
677939602
2130375050
1618801271
1239905445
152824456
1780825501
932458135
1189665134
158626698
1248945662
1486782160
508531212
53617834
1435202611
574983319
189617973
1882524486
1070501913
269782796
889799264
175192980
211930540
1638273847
1350140086
240242772
114579208
1931894360
1612856435
1884780416
1798958991
1904580328
415236370
1781850393
1375897952
1655141815
1934674849
1009239805
440116303
976856335
1167866503
1689061965
316154848
1676397715
1742679799
1751357459
103897387
1932297772
1486398298
1174399300
54596921
228713914
1349592280
266527461
1866987761
552248719
506770233
1981566969
336659431
2119626668
1718863737
2135618422
1876723349
2134100107
1769985167
1105137653
1641758275
1557176368
2114377458
2081874578
386549055
1134760314
1623452895
702703903
663674381
1218649046
306577715
767571768
1003463170
1792976013
1941971069
1058060091
2021689927
1144079701
1324587553
1741194041
1696328420
1831357786
1575277362
2032987851
1803500807
1146657452
2021122625
1532740508
1133273911
1643624144
490394513
627548538
1053316864
457288323
561939468
1439865920
1592048637
37908715
2142569823
108239371
1256557761
301663890
875811139
112537284
2094639903
670298560
1170597375
1968846183
1814378262
347701280
1562556576
1363223034
31575419
990350290
1248727238
1835076226
2137007742
1122366215
1220333086
1122798006
618506712
1710727599
1750346544
1671823576
20532274
164802365
964205848
1612580912
202711080
959292024
1720820283
1459268842
1260955914
449147774
1571806126
1208112170
1119446335
594919853
1029474705
786340949
942621134
444547633
2080335
974196553
1434897923
1250807573
661789131
1424422018
225690141
1882122217
399736376
844196853
1445366168
2599272
368536781
1465898442
167401637
1332742630
930995706
370112718
144551006
504332341
1829381560
1405506920
953480116
1253704038
466135442
2072926451
1848623891
1495610147
711783752
643761377
1940157780
713864087
1617957930
1227572056
1964671661
132263413
504510426
42878154
2014385630
904246802
887075007
1312268150
906846074
1255611788
630682945
1074247712
440870770
1561678651
1444360430
585421776
2066010993
1126258342
1990928697
872007461
232478732
309580491
797450264
2081102623
1805190639
1509234016
577380353
1597864771
75614455
47854635
677953179
2040286116
180118049
1182463605
2083164270
47020031
2086710407
822755629
1359288182
846072834
2078367418
1989971127
1920320546
371754540
1404166130
1217197328
957176317
1322693475
195972022
800621366
47217288
428450754
1110201857
844667552
362069729
767908848
206417920
939450082
218289972
282032376
987304718
896243151
174834844
1167422767
2078706757
110515467
1214442798
2017933516
933271096
426247332
716522702
864154866
268734811
489359600
1235909407
1672900942
1706556928
45602076
848110769
1902528950
846223442
895328058
183496056
1956425299
1739995610
545565786
576850500
1946413531
1485015868
795140472
80962259
324836938
1691383623
255797103
1492259705
1622606732
366312570
559218856
1493056601
1299583667
985466188
62095655
16254885
1254201000
551455256
1252164292
779618294
110528536
1297766368
1627729063
2013057487
2143989810
375573473
49069895
1952931462
2115569084
594635681
382298314
1914498967
2079651550
1177438786
1995461226
257004840
721338761
103774681
1749264546
196461846
470087252
160999754
1689518447
1769670919
1146465942
1751614102
1785925804
253183294
155585710
890606449
1032801588
266114247
40889169
513047004
131688086
37395332
888620477
180757981
1990326794
856705913
775393663
225141460
623721232
707561565
1402580246
471698810
964566405
2123919007
575473492
566347303
172897205
1045560744
727347057
1862415652
667748015
1873813000
1466546107
306190171
2126996294
1622131817
1196796620
1012314235
1888246064
1237685790
1525361239
2019934150
1275081122
266498068
53208484
1117924268
1123203982
828602147
1343065728
1746925214
1536163712
598162326
71140377
353246469
574597685
646613869
919593773
747494891
1692174613
1646940830
462426895
212438980
1373270182
1928973002
518629151
1352782829
1403621172
1715425772
217613416
1144383588
805627914
1742974655
1016834091
2080709036
2009472723
1070042575
1051149656
985193057
1898644722
246731736
584634624
1287324786
844894062
655775001
1640571255
1419491747
1302388870
412681380
19502990
847079835
2059622211
481929886
1059518815
1285408745
263419240
1578147966
490707926
1667040412
1146090090
708321342
663940353
1951718004
303812349
1680774444
1884943392
165801425
603333371
788609400
1150994482
354494445
1035341136
1735629106
1641819231
1880235198
243920459
1134906838
1152243298
1546309329
1547588219
1171746288
245905516
1459726782
1653676174
1305424331
597651879
1917095415
736088650
1088359806
1436652179
1882178740
1796681148
2100592532
1686413097
2100493498
1633883328
1423872841
118811275
89733051
64998594
1269805757
444227496
1100339730
857951216
2086046727
833091281
1101871675
1073469918
1985334579
500697357
473574489
1009597219
746602873
1933301271
515789746
2052027205
383469502
285401513
640632207
1471829308
1722053692
375327299
1121026809
1675162577
2061740396
1074036659
1161562257
1338129590
1192847934
1251295309
1403128184
315170043
1695522805
355984266
1173121259
1634085885
1189075547
127509287
560072155
1026926478
628206644
1033646644
2036523698
1374809517
819464267
404829796
1279353074
1202933769
690231309
1919985281
527279430
