1000
44638600
1650787763
1281782312
1570341723
1494947438
971541637
256124818
573381527
980427859
1362848618
721370438
1504227174
389885532
2039719573
1261503386
1961250015
222589224
1292489269
73488255
92161926
2068580407
1749821329
1565933295
1010580590
353481502
658226592
893609364
170381669
1314553644
2058064627
354876426
1359192244
1561368742
1636658738
782050320
908832532
460716727
1038175138
1482214060
1441144586
253540108
56100850
797888112
643425640
2095820424
2059391499
457192007
170926000
1204397120
530680262
263087926
1125493879
133017943
1829021222
2136074469
486499446
339764166
882200186
656881115
1654317811
792781165
1011757541
866026407
206666259
500932631
1648076727
1115498792
961649358
538768217
450229204
255310296
792308325
506330054
1053198408
1435733965
454666830
965106259
1892925973
625592830
22019731
276122587
888680757
1147513610
409140531
570218331
1136104432
895639977
909982497
2018304618
1552521092
416816660
663602135
416794985
1282843068
870268394
917727616
783436147
1985767186
1879376974
1322204365
288512742
2134687270
2114512690
794842797
1040402030
1402763008
1249509627
2005508290
1148205333
1875102458
2027528021
1424327920
616299567
1027557984
1833468451
1186517898
16178768
581624780
2096500395
2034483386
2134145872
365833408
550601873
403457209
1648676476
1420870267
1321184825
284628975
1259153806
1053078151
1606833340
1547666548
1040281773
1573862383
195025697
2080683804
829141743
1444535325
1938708446
1977347076
1172154135
1818752819
1254191348
1788453702
698827155
940176152
827487952
715005923
1521800932
776504699
602005661
1508463157
1142338107
1152607534
1911920366
643530935
425994154
1085621544
928159911
1685147960
2138699695
387509603
1085330860
1031497821
1961371986
1280356558
964697977
643030081
577408235
755922775
472893509
1749562370
427191946
1727084858
1390532424
1126019102
519777362
70536728
1841025025
2041578294
847041427
295547039
1402557803
1989379535
1448154573
1166994522
485426822
1874148727
105132418
1413586733
1411813039
96348465
1801096337
349660252
1127846286
1614984675
1630016810
2092544263
110531109
59941397
700983390
583424618
1809503767
1128175337
163025828
1052552543
106710791
682803190
1123089271
1947735816
576897837
1970130698
95799207
1979455640
1812026585
1543953781
998966514
149969760
1270618860
1104098932
1563556493
534948252
1200447398
1217169182
884608504
180810036
684670210
367141666
125870652
795201319
427083063
826854042
1378625937
89103182
1955029379
1541651766
1141655725
2061740170
76971308
117261348
1861992339
653869145
2087392046
1957791546
485841138
1751934984
1354261679
1484807652
1901904744
477396892
441422937
1317977589
1012345144
1641870335
387663124
1896953648
1822680371
1072333334
116611666
1948551023
1867534653
543694729
627921418
1098676942
632797911
435467149
492845060
1774453636
349723672
569816369
1891714984
64232363
1223685514
1831623382
2022023909
1709526652
1436074718
1228801941
1046850657
1190495814
1706198833
1488273594
360989756
571060329
982660281
748652880
320530329
657857004
1820986214
437141995
458924380
1541037219
980836724
1086845798
492230513
1613634635
1522312947
985075574
1240604623
1872036619
1554891943
984835959
1936268982
631093809
668975693
1810809244
193136814
2105050412
892127537
1239987471
1148062578
450842722
580777417
1509052334
1021903051
1563437698
110221566
1342433380
73811054
1931207780
1779575375
532735434
1324761351
612928451
1619581232
1816991865
79079438
994410532
654583791
1319684061
718963503
61992086
157036372
507748838
693085895
826012065
171074434
886222709
783578829
1063201971
2126210180
1931641408
1514044693
559503949
1293210094
388464096
2122941647
1403431661
1730897476
49269054
1187155793
1362989203
582004488
364433497
1975917654
54102073
33941714
2054997092
1048512605
688525505
1227197505
1767476108
750517591
1384233877
127741298
1443603486
62762294
298815732
182342548
846341124
1362017703
161069080
630498884
728578748
720573030
1923708978
1117042844
696031029
1179656991
700456672
745300083
219329137
2063445875
1327304572
583762634
1891879881
1381406645
617704348
1799393325
282435602
1306229853
879107182
2049911710
2056747444
115857411
30169361
1352867282
178619706
328985093
1535209830
1024960830
1691002797
1696278911
1655459714
272097897
269368293
1431685044
1389140742
965399322
463858388
2089597414
1710699406
683187525
2005559642
890520330
1266950159
1749955875
124443327
1884654507
1401865553
406878929
1043400712
133489087
309306991
952664508
249346499
339476352
158048142
427966205
668461446
1693257973
1452927035
211980595
1242053236
960903101
484078492
1511421529
245104497
1873219234
329337203
708962885
1815333001
2040036609
1392150410
1673408995
783073291
511616921
1275881222
907516618
248787780
530263127
1314395547
1292188492
663752215
1623702539
97369352
913098714
1963178891
255417495
1341064919
484156689
1948675468
646508306
696137284
1043245056
1607411407
1180215777
407182937
1852515904
905951363
736520140
413995142
573800716
629073102
1806145552
99726063
1412146393
170278826
1375607286
172179364
419066606
1905870413
1486574911
1711255099
422138980
962793802
1808624451
1335237694
778489046
2064041946
528818965
1262645735
1865233766
1175327271
1958783020
760995174
635255030
991515149
1168178111
340287287
1897466512
1904698252
754282429
323783581
386287706
412944333
423509644
1798434099
583223159
1799116930
1970613463
1002289766
1557503696
1309704727
566061217
1979642676
125014881
227202020
1167396723
903503927
143760319
1696215688
18666015
2008994085
724059312
1977449035
622505612
1359314342
821480536
1790683723
1699601629
571463400
1547898327
306400410
895246981
1934186033
719344744
1318756626
1585136485
1302567903
970389908
1408266300
157374021
380409956
570487379
723435238
212568985
695502261
950637259
1379965708
1599006188
1094397578
928697748
1617672203
955908015
1652757060
1447637590
1578413627
864587755
121634478
1221613703
416705736
693097879
622028382
723106147
1588344860
408730768
1442450891
759617838
1993867253
597535146
1730007747
1254649905
754909168
2110417703
1825137285
1478344406
175503040
373155898
281498017
1555468748
1972162086
1375895595
336682849
1442350642
184319963
1989439909
742504584
1762733590
706544016
864139063
836863645
1123249753
1557236942
1458892028
1846355900
998098154
1867622796
1141323143
1757715993
1714006401
1738858289
1340240092
821172658
346283809
1303174147
498826295
1824628216
1478677188
871982193
2106126233
886662288
696660632
1334538181
1223345137
2139011274
1518858144
1065301399
734032210
1134108086
1771845415
1598171273
1970971732
747611520
1007924567
1282380112
446483772
2006022722
1002519260
1587806915
1616255067
569042013
1179181557
809011511
1390214671
1525465366
2112185658
1889040967
1202609934
1443379198
613539512
1161252520
182557839
1310200144
348307053
1405902976
1301727770
1867165197
323720727
2035759981
853789635
2095566143
1486447606
677277719
695694015
346888526
1959657831
1142177788
205427600
814693443
582501055
1821682667
1383735456
1761682612
483210530
626466480
1139664331
447912540
368023799
194790617
1891291739
981563311
1356043137
2073849578
144279808
1704350190
1332268906
1446007578
1424031739
1655989634
1334283911
130337727
1604072129
673247870
807615446
152282496
1020136396
619789630
1294460284
1225563996
1434483073
1876961340
899763015
670734882
1491160304
1382973545
1297201362
483340987
1830886085
1665225161
678131605
1574694176
499304824
2034174742
1501060106
643584632
1591041285
685845365
2089592211
867589376
194351351
1276392474
997927103
1798423480
1949640344
1805542550
1950705976
822293092
277848532
1097682613
2047857088
1712331605
827160305
800136455
235582839
170836961
35626352
1532784201
654177949
1866512438
1050525714
1332309554
1293722966
1549830539
1219000648
647299425
45931523
662558285
1333144790
2135523734
1530147662
1527496141
1264432561
380591117
1178435973
1066589257
38650019
981658301
1888882350
316498551
2079340914
1789255790
2028830157
759017571
441908598
116929348
929854533
477534950
1649713550
1584032482
196563740
552755616
768858388
1490286707
2102586155
1987859036
2137586132
1034031
502933674
1323247274
2136557765
2033081336
703259767
1253506678
266188805
1881695740
172612288
304838825
715870393
2061494638
621337376
647727660
1703266780
502683885
1406745231
2145175378
619613234
189116116
475226681
121843136
1773148598
671790421
674598752
394523338
14593480
629701260
234898727
4695964
630735291
737832401
1327943238
619809408
623430089
2031203005
1873316087
889618894
1765415097
2045928375
1194457719
333801843
1959939365
1815795096
981529503
1515722497
170995333
240791086
1513414228
790608567
429907203
1988640909
912451703
55572153
512947682
1587050456
450095492
527541163
69268068
684994219
532237127
700003359
1422826620
1860180366
1319812767
2046256709
1743899723
1045645206
788391955
1361831173
944089933
1982849675
1695633016
756545650
1651161123
529678871
124784500
1822156456
770469957
1638198728
465281376
1200377160
1479355989
1377733079
1255949314
1992303671
817299887
1706044806
372361186
886567955
243555377
904598314
1586571314
1666381997
617295032
758900434
1565155058
213711107
1804545640
206063365
1575542280
601151926
41429392
1123691648
1357697576
1692590515
1653370519
1482482076
1367263324
276356829
973197156
1832544700
1476733989
305069497
1062794131
585199655
149889521
1880094019
143760813
522250707
619178326
387316190
1426849021
58265993
2053698187
2044144053
817166427
1471369597
110371513
474228419
1677432963
1685913793
1075380345
1718862355
662121794
285594274
1263969223
168008665
1768076350
483748899
444365494
593789859
168809951
1921099484
898859356
1231604082
358815491
1048748877
964214453
502576305
1570999585
1583392780
889892495
850364958
1641658773
796107035
747025364
311341552
119992984
857396877
785569971
1797425947
395827022
1860950317
1368804655
1057948816
2146544591
485290230
1225957482
1767137293
969039129
1670322976
213443504
1137849080
1443938812
1112302861
221969514
1802754304
13568090
1186183968
157846961
1584567675
622093100
1047739456
287448986
116268225
1843846491
1034474350
427609777
1963839476
1891871227
1213179748
1613781775
140214601
926646417
835102782
1198163418
925707360
1320393012
276637252
545361006
141948493
1946960228
758804510
1279797573
1243415393
1871107371
1501767088
898686049
1884675462
540467408
1056533010
1321759489
1162560508
2104272466
1609208475
1278828733
1800635310
496199177
1706438510
1616991138
240586756
772134610
1083289265
380801358
1698781028
1918392048
1578964776
477004740
1091301412
1855602028
1022365746
