100
458382828
518815059
1384229521
2094625092
865653488
644903307
2066842124
692371175
273256671
2050741426
181224354
1769878033
1512498310
1316184863
403997307
1578502949
1345847526
449597896
32990564
369376452
1933877450
289847643
957408680
1008933185
706789980
47125069
1529805471
1584026056
811841091
1106654638
1735951331
1270223920
1625469697
972697204
1217365364
343639537
1617600511
1136723840
1036010713
1890857182
1039981619
1217235067
1513251567
404996281
385936282
1917248874
1983499230
1731783809
219363122
2016489795
2101160261
5756925
158853790
911085293
1014690110
865643770
958210362
397011934
302186179
1770051454
1503666572
2038137510
892791726
981652621
863351066
2110157090
1325292159
333467929
1099397282
213819224
76841463
2139378901
1431054291
1590093030
396891535
1816990574
1359858256
232907117
1401290735
1579221378
101913264
1354967348
1584978303
260767055
118568993
452184766
1126410825
1076779355
849196700
1428597004
699347161
205379624
1319250866
1592138887
1187032245
35118284
1554812329
364840756
368586213
506725964
