100
1890728510
1079865327
1500013256
1883221654
1252498850
468022384
391474157
1550984954
512182621
1391445918
1659658822
137133548
494536192
316226361
1121634806
1992646531
553211740
1067530426
1892249855
875206307
752576092
1551114987
1075602487
848558421
912951963
1303128602
882022786
328748489
1561803674
633768878
1365054643
1305048536
1713634206
717584251
1040786542
818649408
1185606636
1432260700
222150714
1697789257
676222970
1881809536
1834922805
1170759162
50552250
809073963
1015922045
603763990
1876604390
760688253
1478970297
481696834
164319592
407089136
1330255255
1077271555
1710217739
64794393
1406020044
1124537765
698563272
623591040
282102653
264713830
1341175291
1322889195
1083363238
379298279
607666247
1305513953
2077087536
1283889218
1039839841
1764526693
307164732
1090392091
426117009
1323086778
1694156082
155237751
2083775031
1025642731
636934585
100610975
1432731868
1967189841
1177882530
995465959
2031984234
436418927
2120003724
583063858
1060009967
254622729
847777688
253701610
1577511924
1931140927
632999890
37694524
